,0,1
0,"07/09/2021, 01:49:30",28.788556541656735
1,"07/09/2021, 01:59:30",31.608108483846426
2,"07/09/2021, 02:09:30",31.393981525290926
3,"07/09/2021, 02:19:30",31.179854566735425
4,"07/09/2021, 02:29:30",30.965727608179925
5,"07/09/2021, 02:39:30",30.751600649624425
6,"07/09/2021, 02:49:30",30.537473691068925
7,"07/09/2021, 02:59:30",33.357025633258615
8,"07/09/2021, 03:09:30",33.14289867470312
9,"07/09/2021, 03:19:30",32.92877171614762
10,"07/09/2021, 03:29:30",32.71464475759212
11,"07/09/2021, 03:39:30",32.500517799036615
12,"07/09/2021, 03:49:30",32.28639084048112
13,"07/09/2021, 03:59:30",35.10594278267081
14,"07/09/2021, 04:09:30",34.89181582411531
15,"07/09/2021, 04:19:30",34.677688865559816
16,"07/09/2021, 04:29:30",34.46356190700431
17,"07/09/2021, 04:39:30",34.24943494844881
18,"07/09/2021, 04:49:30",34.03530798989331
19,"07/09/2021, 04:59:30",36.854859932083
20,"07/09/2021, 05:09:30",36.640732973527506
21,"07/09/2021, 05:19:30",36.42660601497201
22,"07/09/2021, 05:29:30",36.212479056416505
23,"07/09/2021, 05:39:30",35.998352097861
24,"07/09/2021, 05:49:30",35.784225139305505
25,"07/09/2021, 05:59:30",38.603777081495195
26,"07/09/2021, 06:09:30",38.3896501229397
27,"07/09/2021, 06:19:30",38.1755231643842
28,"07/09/2021, 06:29:30",37.9613962058287
29,"07/09/2021, 06:39:30",37.747269247273195
30,"07/09/2021, 06:49:30",37.5331422887177
31,"07/09/2021, 06:59:30",40.35269423090738
32,"07/09/2021, 07:09:30",40.138567272351885
33,"07/09/2021, 07:19:30",39.92444031379638
34,"07/09/2021, 07:29:30",39.710313355240885
35,"07/09/2021, 07:39:30",39.49618639668539
36,"07/09/2021, 07:49:30",39.282059438129885
37,"07/09/2021, 07:59:30",42.101611380319575
38,"07/09/2021, 08:09:30",41.88748442176408
39,"07/09/2021, 08:19:30",41.673357463208575
40,"07/09/2021, 08:29:30",41.45923050465308
41,"07/09/2021, 08:39:30",41.24510354609758
42,"07/09/2021, 08:49:30",41.03097658754208
43,"07/09/2021, 08:59:30",43.85052852973177
44,"07/09/2021, 09:09:30",43.63640157117627
45,"07/09/2021, 09:19:30",43.42227461262077
46,"07/09/2021, 09:29:30",43.20814765406527
47,"07/09/2021, 09:39:30",42.994020695509775
48,"07/09/2021, 09:49:30",42.77989373695427
49,"07/09/2021, 09:59:30",45.59944567914396
50,"07/09/2021, 10:09:30",45.385318720588465
51,"07/09/2021, 10:19:30",45.17119176203296
52,"07/09/2021, 10:29:30",44.957064803477465
53,"07/09/2021, 10:39:30",44.74293784492197
54,"07/09/2021, 10:49:30",44.528810886366465
55,"07/09/2021, 10:59:30",47.348362828556155
56,"07/09/2021, 11:09:30",47.13423587000066
57,"07/09/2021, 11:19:30",46.920108911445155
58,"07/09/2021, 11:29:30",46.70598195288966
59,"07/09/2021, 11:39:30",46.49185499433416
60,"07/09/2021, 11:49:30",46.27772803577866
61,"07/09/2021, 11:59:30",49.09727997796834
62,"07/09/2021, 12:09:30",48.883153019412845
63,"07/09/2021, 12:19:30",48.66902606085734
64,"07/09/2021, 12:29:30",48.454899102301844
65,"07/09/2021, 12:39:30",48.24077214374635
66,"07/09/2021, 12:49:30",48.026645185190844
67,"07/09/2021, 12:59:30",50.846197127380535
68,"07/09/2021, 13:09:30",50.63207016882504
69,"07/09/2021, 13:19:30",50.417943210269534
70,"07/09/2021, 13:29:30",50.20381625171404
71,"07/09/2021, 13:39:30",49.98968929315854
72,"07/09/2021, 13:49:30",49.77556233460304
73,"07/09/2021, 13:59:30",52.59511427679273
74,"07/09/2021, 14:09:30",52.38098731823723
75,"07/09/2021, 14:19:30",52.16686035968173
76,"07/09/2021, 14:29:30",51.95273340112623
77,"07/09/2021, 14:39:30",51.738606442570735
78,"07/09/2021, 14:49:30",51.52447948401523
79,"07/09/2021, 14:59:30",54.34403142620492
80,"07/09/2021, 15:09:30",54.129904467649425
81,"07/09/2021, 15:19:30",53.91577750909392
82,"07/09/2021, 15:29:30",53.701650550538425
83,"07/09/2021, 15:39:30",53.48752359198293
84,"07/09/2021, 15:49:30",53.273396633427424
85,"07/09/2021, 15:59:30",56.092948575617115
86,"07/09/2021, 16:09:30",55.87882161706162
87,"07/09/2021, 16:19:30",55.664694658506114
88,"07/09/2021, 16:29:30",55.45056769995062
89,"07/09/2021, 16:39:30",55.23644074139512
90,"07/09/2021, 16:49:30",55.02231378283962
91,"07/09/2021, 16:59:30",57.84186572502931
92,"07/09/2021, 17:09:30",57.62773876647381
93,"07/09/2021, 17:19:30",57.41361180791831
94,"07/09/2021, 17:29:30",57.19948484936281
95,"07/09/2021, 17:39:30",56.985357890807315
96,"07/09/2021, 17:49:30",56.77123093225181
97,"07/09/2021, 17:59:30",20.458605918504947
98,"07/09/2021, 18:09:30",20.244478959949447
99,"07/09/2021, 18:19:30",20.030352001393947
100,"07/09/2021, 18:29:30",19.816225042838447
101,"07/09/2021, 18:39:30",19.602098084282947
102,"07/09/2021, 18:49:30",19.387971125727447
103,"07/09/2021, 18:59:30",22.207523067917137
104,"07/09/2021, 19:09:30",21.99339610936164
105,"07/09/2021, 19:19:30",21.779269150806137
106,"07/09/2021, 19:29:30",21.56514219225064
107,"07/09/2021, 19:39:30",21.351015233695136
108,"07/09/2021, 19:49:30",21.13688827513964
109,"07/09/2021, 19:59:30",23.95644021732933
110,"07/09/2021, 20:09:30",23.74231325877383
111,"07/09/2021, 20:19:30",23.52818630021833
112,"07/09/2021, 20:29:30",23.31405934166283
113,"07/09/2021, 20:39:30",23.09993238310733
114,"07/09/2021, 20:49:30",22.88580542455183
115,"07/09/2021, 20:59:30",25.705357366741524
116,"07/09/2021, 21:09:30",25.491230408186023
117,"07/09/2021, 21:19:30",25.277103449630523
118,"07/09/2021, 21:29:30",25.062976491075023
119,"07/09/2021, 21:39:30",24.848849532519523
120,"07/09/2021, 21:49:30",24.634722573964023
121,"07/09/2021, 21:59:30",27.454274516153713
122,"07/09/2021, 22:09:30",27.240147557598213
123,"07/09/2021, 22:19:30",27.026020599042713
124,"07/09/2021, 22:29:30",26.811893640487213
125,"07/09/2021, 22:39:30",26.597766681931713
126,"07/09/2021, 22:49:30",26.383639723376213
127,"07/09/2021, 22:59:30",29.203191665565907
128,"07/09/2021, 23:09:30",28.989064707010407
129,"07/09/2021, 23:19:30",28.774937748454906
130,"07/09/2021, 23:29:30",28.560810789899406
131,"07/09/2021, 23:39:30",28.346683831343906
132,"07/09/2021, 23:49:30",28.132556872788406
133,"07/09/2021, 23:59:30",30.9521088149781
134,"07/10/2021, 00:09:30",30.7379818564226
135,"07/10/2021, 00:19:30",30.5238548978671
136,"07/10/2021, 00:29:30",30.3097279393116
137,"07/10/2021, 00:39:30",30.0956009807561
138,"07/10/2021, 00:49:30",29.8814740222006
139,"07/10/2021, 00:59:30",32.7010259643903
140,"07/10/2021, 01:09:30",32.48689900583479
141,"07/10/2021, 01:19:30",32.27277204727929
142,"07/10/2021, 01:29:30",32.05864508872379
143,"07/10/2021, 01:39:30",31.844518130168293
144,"07/10/2021, 01:49:30",31.630391171612793
145,"07/10/2021, 01:59:30",34.44994311380248
146,"07/10/2021, 02:09:30",34.23581615524698
147,"07/10/2021, 02:19:30",34.02168919669148
148,"07/10/2021, 02:29:30",33.807562238135986
149,"07/10/2021, 02:39:30",33.59343527958048
150,"07/10/2021, 02:49:30",33.37930832102498
151,"07/10/2021, 02:59:30",36.19886026321467
152,"07/10/2021, 03:09:30",35.98473330465917
153,"07/10/2021, 03:19:30",35.770606346103676
154,"07/10/2021, 03:29:30",35.55647938754817
155,"07/10/2021, 03:39:30",35.34235242899267
156,"07/10/2021, 03:49:30",35.12822547043717
157,"07/10/2021, 03:59:30",37.94777741262686
158,"07/10/2021, 04:09:30",37.733650454071366
159,"07/10/2021, 04:19:30",37.51952349551587
160,"07/10/2021, 04:29:30",37.305396536960366
161,"07/10/2021, 04:39:30",37.09126957840486
162,"07/10/2021, 04:49:30",36.877142619849366
163,"07/10/2021, 04:59:30",39.696694562039056
164,"07/10/2021, 05:09:30",39.48256760348356
165,"07/10/2021, 05:19:30",39.268440644928056
166,"07/10/2021, 05:29:30",39.05431368637256
167,"07/10/2021, 05:39:30",38.84018672781706
168,"07/10/2021, 05:49:30",38.62605976926156
169,"07/10/2021, 05:59:30",41.44561171145125
170,"07/10/2021, 06:09:30",41.23148475289575
171,"07/10/2021, 06:19:30",41.01735779434025
172,"07/10/2021, 06:29:30",40.80323083578475
173,"07/10/2021, 06:39:30",40.589103877229256
174,"07/10/2021, 06:49:30",40.37497691867375
175,"07/10/2021, 06:59:30",43.194528860863436
176,"07/10/2021, 07:09:30",42.98040190230794
177,"07/10/2021, 07:19:30",42.766274943752435
178,"07/10/2021, 07:29:30",42.55214798519694
179,"07/10/2021, 07:39:30",42.33802102664144
180,"07/10/2021, 07:49:30",42.12389406808594
181,"07/10/2021, 07:59:30",44.94344601027563
182,"07/10/2021, 08:09:30",44.72931905172013
183,"07/10/2021, 08:19:30",44.51519209316463
184,"07/10/2021, 08:29:30",44.30106513460913
185,"07/10/2021, 08:39:30",44.086938176053636
186,"07/10/2021, 08:49:30",43.87281121749813
187,"07/10/2021, 08:59:30",46.69236315968782
188,"07/10/2021, 09:09:30",46.478236201132326
189,"07/10/2021, 09:19:30",46.26410924257682
190,"07/10/2021, 09:29:30",46.049982284021326
191,"07/10/2021, 09:39:30",45.83585532546583
192,"07/10/2021, 09:49:30",45.621728366910325
193,"07/10/2021, 09:59:30",48.441280309100016
194,"07/10/2021, 10:09:30",48.22715335054452
195,"07/10/2021, 10:19:30",48.013026391989015
196,"07/10/2021, 10:29:30",47.79889943343352
197,"07/10/2021, 10:39:30",47.58477247487802
198,"07/10/2021, 10:49:30",47.37064551632252
199,"07/10/2021, 10:59:30",50.19019745851221
200,"07/10/2021, 11:09:30",49.97607049995671
201,"07/10/2021, 11:19:30",49.76194354140121
202,"07/10/2021, 11:29:30",49.54781658284571
203,"07/10/2021, 11:39:30",49.333689624290216
204,"07/10/2021, 11:49:30",49.11956266573471
205,"07/10/2021, 11:59:30",51.9391146079244
206,"07/10/2021, 12:09:30",51.724987649368906
207,"07/10/2021, 12:19:30",51.5108606908134
208,"07/10/2021, 12:29:30",51.296733732257906
209,"07/10/2021, 12:39:30",51.08260677370241
210,"07/10/2021, 12:49:30",50.868479815146905
211,"07/10/2021, 12:59:30",53.68803175733659
212,"07/10/2021, 13:09:30",53.47390479878109
213,"07/10/2021, 13:19:30",53.25977784022559
214,"07/10/2021, 13:29:30",53.04565088167009
215,"07/10/2021, 13:39:30",52.831523923114595
216,"07/10/2021, 13:49:30",52.61739696455909
217,"07/10/2021, 13:59:30",55.43694890674878
218,"07/10/2021, 14:09:30",55.222821948193285
219,"07/10/2021, 14:19:30",55.00869498963778
220,"07/10/2021, 14:29:30",54.794568031082285
221,"07/10/2021, 14:39:30",54.58044107252679
222,"07/10/2021, 14:49:30",54.366314113971285
223,"07/10/2021, 14:59:30",57.185866056160975
224,"07/10/2021, 15:09:30",56.97173909760548
225,"07/10/2021, 15:19:30",56.757612139049975
226,"07/10/2021, 15:29:30",56.54348518049448
227,"07/10/2021, 15:39:30",56.32935822193898
228,"07/10/2021, 15:49:30",56.11523126338348
229,"07/10/2021, 15:59:30",58.93478320557317
230,"07/10/2021, 16:09:30",58.72065624701767
231,"07/10/2021, 16:19:30",58.50652928846217
232,"07/10/2021, 16:29:30",58.29240232990667
233,"07/10/2021, 16:39:30",58.078275371351175
234,"07/10/2021, 16:49:30",57.86414841279567
235,"07/10/2021, 16:59:30",60.68370035498536
236,"07/10/2021, 17:09:30",60.469573396429865
237,"07/10/2021, 17:19:30",60.25544643787436
238,"07/10/2021, 17:29:30",60.041319479318865
239,"07/10/2021, 17:39:30",59.82719252076337
240,"07/10/2021, 17:49:30",59.613065562207865
241,"07/10/2021, 17:59:30",23.300440548461
242,"07/10/2021, 18:09:30",23.0863135899055
243,"07/10/2021, 18:19:30",22.87218663135
244,"07/10/2021, 18:29:30",22.6580596727945
245,"07/10/2021, 18:39:30",22.443932714239
246,"07/10/2021, 18:49:30",22.2298057556835
247,"07/10/2021, 18:59:30",25.049357697873194
248,"07/10/2021, 19:09:30",24.835230739317694
249,"07/10/2021, 19:19:30",24.621103780762194
250,"07/10/2021, 19:29:30",24.406976822206694
251,"07/10/2021, 19:39:30",24.192849863651194
252,"07/10/2021, 19:49:30",23.978722905095694
253,"07/10/2021, 19:59:30",26.798274847285384
254,"07/10/2021, 20:09:30",26.584147888729884
255,"07/10/2021, 20:19:30",26.370020930174384
256,"07/10/2021, 20:29:30",26.155893971618884
257,"07/10/2021, 20:39:30",25.941767013063384
258,"07/10/2021, 20:49:30",25.727640054507884
259,"07/10/2021, 20:59:30",28.547191996697578
260,"07/10/2021, 21:09:30",28.333065038142077
261,"07/10/2021, 21:19:30",28.118938079586577
262,"07/10/2021, 21:29:30",27.904811121031077
263,"07/10/2021, 21:39:30",27.690684162475577
264,"07/10/2021, 21:49:30",27.476557203920077
265,"07/10/2021, 21:59:30",30.296109146109767
266,"07/10/2021, 22:09:30",30.081982187554267
267,"07/10/2021, 22:19:30",29.867855228998767
268,"07/10/2021, 22:29:30",29.653728270443267
269,"07/10/2021, 22:39:30",29.439601311887767
270,"07/10/2021, 22:49:30",29.225474353332267
271,"07/10/2021, 22:59:30",32.045026295521964
272,"07/10/2021, 23:09:30",31.83089933696646
273,"07/10/2021, 23:19:30",31.61677237841096
274,"07/10/2021, 23:29:30",31.40264541985546
275,"07/10/2021, 23:39:30",31.18851846129996
276,"07/10/2021, 23:49:30",30.97439150274446
277,"07/10/2021, 23:59:30",33.79394344493416
278,"07/11/2021, 00:09:30",33.579816486378654
279,"07/11/2021, 00:19:30",33.36568952782315
280,"07/11/2021, 00:29:30",33.151562569267654
281,"07/11/2021, 00:39:30",32.93743561071216
282,"07/11/2021, 00:49:30",32.72330865215665
283,"07/11/2021, 00:59:30",35.54286059434635
284,"07/11/2021, 01:09:30",35.32873363579085
285,"07/11/2021, 01:19:30",35.114606677235344
286,"07/11/2021, 01:29:30",34.90047971867985
287,"07/11/2021, 01:39:30",34.68635276012435
288,"07/11/2021, 01:49:30",34.47222580156885
289,"07/11/2021, 01:59:30",37.29177774375854
290,"07/11/2021, 02:09:30",37.07765078520303
291,"07/11/2021, 02:19:30",36.86352382664754
292,"07/11/2021, 02:29:30",36.64939686809204
293,"07/11/2021, 02:39:30",36.43526990953654
294,"07/11/2021, 02:49:30",36.22114295098103
295,"07/11/2021, 02:59:30",39.04069489317072
296,"07/11/2021, 03:09:30",38.82656793461523
297,"07/11/2021, 03:19:30",38.61244097605972
298,"07/11/2021, 03:29:30",38.39831401750423
299,"07/11/2021, 03:39:30",38.18418705894872
300,"07/11/2021, 03:49:30",37.970060100393226
301,"07/11/2021, 03:59:30",40.78961204258292
302,"07/11/2021, 04:09:30",40.57548508402742
303,"07/11/2021, 04:19:30",40.36135812547192
304,"07/11/2021, 04:29:30",40.14723116691642
305,"07/11/2021, 04:39:30",39.93310420836092
306,"07/11/2021, 04:49:30",39.71897724980542
307,"07/11/2021, 04:59:30",42.53852919199511
308,"07/11/2021, 05:09:30",42.32440223343961
309,"07/11/2021, 05:19:30",42.11027527488411
310,"07/11/2021, 05:29:30",41.89614831632861
311,"07/11/2021, 05:39:30",41.68202135777312
312,"07/11/2021, 05:49:30",41.46789439921761
313,"07/11/2021, 05:59:30",44.2874463414073
314,"07/11/2021, 06:09:30",44.07331938285181
315,"07/11/2021, 06:19:30",43.8591924242963
316,"07/11/2021, 06:29:30",43.64506546574081
317,"07/11/2021, 06:39:30",43.43093850718531
318,"07/11/2021, 06:49:30",43.216811548629806
319,"07/11/2021, 06:59:30",46.03636349081949
320,"07/11/2021, 07:09:30",45.82223653226399
321,"07/11/2021, 07:19:30",45.60810957370849
322,"07/11/2021, 07:29:30",45.39398261515299
323,"07/11/2021, 07:39:30",45.179855656597496
324,"07/11/2021, 07:49:30",44.96572869804199
325,"07/11/2021, 07:59:30",47.78528064023168
326,"07/11/2021, 08:09:30",47.571153681676186
327,"07/11/2021, 08:19:30",47.35702672312068
328,"07/11/2021, 08:29:30",47.142899764565186
329,"07/11/2021, 08:39:30",46.92877280600969
330,"07/11/2021, 08:49:30",46.714645847454186
331,"07/11/2021, 08:59:30",49.534197789643876
332,"07/11/2021, 09:09:30",49.32007083108838
333,"07/11/2021, 09:19:30",49.105943872532876
334,"07/11/2021, 09:29:30",48.89181691397738
335,"07/11/2021, 09:39:30",48.67768995542188
336,"07/11/2021, 09:49:30",48.46356299686638
337,"07/11/2021, 09:59:30",51.28311493905607
338,"07/11/2021, 10:09:30",51.06898798050057
339,"07/11/2021, 10:19:30",50.85486102194507
340,"07/11/2021, 10:29:30",50.64073406338957
341,"07/11/2021, 10:39:30",50.426607104834076
342,"07/11/2021, 10:49:30",50.21248014627857
343,"07/11/2021, 10:59:30",53.03203208846826
344,"07/11/2021, 11:09:30",52.817905129912766
345,"07/11/2021, 11:19:30",52.60377817135726
346,"07/11/2021, 11:29:30",52.389651212801766
347,"07/11/2021, 11:39:30",52.17552425424627
348,"07/11/2021, 11:49:30",51.961397295690766
349,"07/11/2021, 11:59:30",54.780949237880456
350,"07/11/2021, 12:09:30",54.56682227932496
351,"07/11/2021, 12:19:30",54.352695320769456
352,"07/11/2021, 12:29:30",54.13856836221396
353,"07/11/2021, 12:39:30",53.92444140365846
354,"07/11/2021, 12:49:30",53.71031444510296
355,"07/11/2021, 12:59:30",56.52986638729264
356,"07/11/2021, 13:09:30",56.315739428737146
357,"07/11/2021, 13:19:30",56.10161247018164
358,"07/11/2021, 13:29:30",55.887485511626146
359,"07/11/2021, 13:39:30",55.67335855307065
360,"07/11/2021, 13:49:30",55.459231594515146
361,"07/11/2021, 13:59:30",58.278783536704836
362,"07/11/2021, 14:09:30",58.06465657814934
363,"07/11/2021, 14:19:30",57.850529619593836
364,"07/11/2021, 14:29:30",57.63640266103834
365,"07/11/2021, 14:39:30",57.42227570248284
366,"07/11/2021, 14:49:30",57.20814874392734
367,"07/11/2021, 14:59:30",60.02770068611703
368,"07/11/2021, 15:09:30",59.81357372756153
369,"07/11/2021, 15:19:30",59.59944676900603
370,"07/11/2021, 15:29:30",59.38531981045053
371,"07/11/2021, 15:39:30",59.171192851895036
372,"07/11/2021, 15:49:30",58.95706589333953
373,"07/11/2021, 15:59:30",61.77661783552922
374,"07/11/2021, 16:09:30",61.562490876973726
375,"07/11/2021, 16:19:30",61.34836391841822
376,"07/11/2021, 16:29:30",61.134236959862726
377,"07/11/2021, 16:39:30",60.92011000130723
378,"07/11/2021, 16:49:30",60.705983042751726
379,"07/11/2021, 16:59:30",63.525534984941416
380,"07/11/2021, 17:09:30",63.31140802638592
381,"07/11/2021, 17:19:30",63.097281067830416
382,"07/11/2021, 17:29:30",62.88315410927492
383,"07/11/2021, 17:39:30",62.66902715071942
384,"07/11/2021, 17:49:30",62.45490019216392
385,"07/11/2021, 17:59:30",6.249432768724669
386,"07/11/2021, 18:09:30",6.03530581016917
387,"07/11/2021, 18:19:30",5.82117885161367
388,"07/11/2021, 18:29:30",5.60705189305817
389,"07/11/2021, 18:39:30",5.39292493450267
390,"07/11/2021, 18:49:30",5.1787979759471705
391,"07/11/2021, 18:59:30",7.998349918136862
392,"07/11/2021, 19:09:30",7.784222959581362
393,"07/11/2021, 19:19:30",7.5700960010258616
394,"07/11/2021, 19:29:30",7.355969042470361
395,"07/11/2021, 19:39:30",7.141842083914862
396,"07/11/2021, 19:49:30",6.927715125359362
397,"07/11/2021, 19:59:30",9.747267067549053
398,"07/11/2021, 20:09:30",9.533140108993553
399,"07/11/2021, 20:19:30",9.319013150438053
400,"07/11/2021, 20:29:30",9.104886191882553
401,"07/11/2021, 20:39:30",8.890759233327055
402,"07/11/2021, 20:49:30",8.676632274771555
403,"07/11/2021, 20:59:30",11.496184216961247
404,"07/11/2021, 21:09:30",11.282057258405747
405,"07/11/2021, 21:19:30",11.067930299850246
406,"07/11/2021, 21:29:30",10.853803341294746
407,"07/11/2021, 21:39:30",10.639676382739246
408,"07/11/2021, 21:49:30",10.425549424183746
409,"07/11/2021, 21:59:30",13.245101366373436
410,"07/11/2021, 22:09:30",13.030974407817938
411,"07/11/2021, 22:19:30",12.816847449262438
412,"07/11/2021, 22:29:30",12.602720490706938
413,"07/11/2021, 22:39:30",12.388593532151438
414,"07/11/2021, 22:49:30",12.17446657359594
415,"07/11/2021, 22:59:30",14.99401851578563
416,"07/11/2021, 23:09:30",14.77989155723013
417,"07/11/2021, 23:19:30",14.56576459867463
418,"07/11/2021, 23:29:30",14.35163764011913
419,"07/11/2021, 23:39:30",14.13751068156363
420,"07/11/2021, 23:49:30",13.92338372300813
421,"07/11/2021, 23:59:30",16.742935665197823
422,"07/12/2021, 00:09:30",16.528808706642323
423,"07/12/2021, 00:19:30",16.314681748086823
424,"07/12/2021, 00:29:30",16.100554789531323
425,"07/12/2021, 00:39:30",15.886427830975823
426,"07/12/2021, 00:49:30",15.672300872420323
427,"07/12/2021, 00:59:30",18.491852814610013
428,"07/12/2021, 01:09:30",18.277725856054516
429,"07/12/2021, 01:19:30",18.063598897499013
430,"07/12/2021, 01:29:30",17.849471938943516
431,"07/12/2021, 01:39:30",17.635344980388012
432,"07/12/2021, 01:49:30",17.421218021832516
433,"07/12/2021, 01:59:30",20.240769964022206
434,"07/12/2021, 02:09:30",20.026643005466706
435,"07/12/2021, 02:19:30",19.812516046911206
436,"07/12/2021, 02:29:30",19.598389088355706
437,"07/12/2021, 02:39:30",19.384262129800206
438,"07/12/2021, 02:49:30",19.170135171244706
439,"07/12/2021, 02:59:30",21.9896871134344
440,"07/12/2021, 03:09:30",21.775560154878896
441,"07/12/2021, 03:19:30",21.5614331963234
442,"07/12/2021, 03:29:30",21.347306237767896
443,"07/12/2021, 03:39:30",21.1331792792124
444,"07/12/2021, 03:49:30",20.919052320656895
445,"07/12/2021, 03:59:30",23.73860426284659
446,"07/12/2021, 04:09:30",23.52447730429109
447,"07/12/2021, 04:19:30",23.31035034573559
448,"07/12/2021, 04:29:30",23.09622338718009
449,"07/12/2021, 04:39:30",22.88209642862459
450,"07/12/2021, 04:49:30",22.66796947006909
451,"07/12/2021, 04:59:30",25.487521412258783
452,"07/12/2021, 05:09:30",25.273394453703283
453,"07/12/2021, 05:19:30",25.059267495147783
454,"07/12/2021, 05:29:30",24.845140536592282
455,"07/12/2021, 05:39:30",24.631013578036782
456,"07/12/2021, 05:49:30",24.416886619481282
457,"07/12/2021, 05:59:30",27.236438561670976
458,"07/12/2021, 06:09:30",27.022311603115476
459,"07/12/2021, 06:19:30",26.808184644559976
460,"07/12/2021, 06:29:30",26.594057686004476
461,"07/12/2021, 06:39:30",26.379930727448976
462,"07/12/2021, 06:49:30",26.165803768893475
463,"07/12/2021, 06:59:30",28.985355711083166
464,"07/12/2021, 07:09:30",28.771228752527666
465,"07/12/2021, 07:19:30",28.557101793972166
466,"07/12/2021, 07:29:30",28.342974835416666
467,"07/12/2021, 07:39:30",28.128847876861165
468,"07/12/2021, 07:49:30",27.914720918305665
469,"07/12/2021, 07:59:30",30.73427286049536
470,"07/12/2021, 08:09:30",30.52014590193986
471,"07/12/2021, 08:19:30",30.30601894338436
472,"07/12/2021, 08:29:30",30.09189198482886
473,"07/12/2021, 08:39:30",29.87776502627336
474,"07/12/2021, 08:49:30",29.66363806771786
475,"07/12/2021, 08:59:30",32.483190009907545
476,"07/12/2021, 09:09:30",32.26906305135205
477,"07/12/2021, 09:19:30",32.05493609279655
478,"07/12/2021, 09:29:30",31.84080913424105
479,"07/12/2021, 09:39:30",31.62668217568555
480,"07/12/2021, 09:49:30",31.41255521713005
481,"07/12/2021, 09:59:30",34.23210715931974
482,"07/12/2021, 10:09:30",34.01798020076424
483,"07/12/2021, 10:19:30",33.803853242208746
484,"07/12/2021, 10:29:30",33.58972628365324
485,"07/12/2021, 10:39:30",33.37559932509774
486,"07/12/2021, 10:49:30",33.16147236654224
487,"07/12/2021, 10:59:30",35.98102430873193
488,"07/12/2021, 11:09:30",35.766897350176436
489,"07/12/2021, 11:19:30",35.55277039162094
490,"07/12/2021, 11:29:30",35.338643433065435
491,"07/12/2021, 11:39:30",35.12451647450993
492,"07/12/2021, 11:49:30",34.910389515954435
493,"07/12/2021, 11:59:30",37.729941458144125
494,"07/12/2021, 12:09:30",37.51581449958863
495,"07/12/2021, 12:19:30",37.301687541033125
496,"07/12/2021, 12:29:30",37.08756058247762
497,"07/12/2021, 12:39:30",36.873433623922125
498,"07/12/2021, 12:49:30",36.65930666536663
499,"07/12/2021, 12:59:30",39.47885860755631
500,"07/12/2021, 13:09:30",39.264731649000815
501,"07/12/2021, 13:19:30",39.05060469044531
502,"07/12/2021, 13:29:30",38.836477731889815
503,"07/12/2021, 13:39:30",38.62235077333432
504,"07/12/2021, 13:49:30",38.408223814778815
505,"07/12/2021, 13:59:30",41.227775756968505
506,"07/12/2021, 14:09:30",41.01364879841301
507,"07/12/2021, 14:19:30",40.799521839857505
508,"07/12/2021, 14:29:30",40.58539488130201
509,"07/12/2021, 14:39:30",40.37126792274651
510,"07/12/2021, 14:49:30",40.15714096419101
511,"07/12/2021, 14:59:30",42.9766929063807
512,"07/12/2021, 15:09:30",42.7625659478252
513,"07/12/2021, 15:19:30",42.5484389892697
514,"07/12/2021, 15:29:30",42.3343120307142
515,"07/12/2021, 15:39:30",42.120185072158705
516,"07/12/2021, 15:49:30",41.9060581136032
517,"07/12/2021, 15:59:30",44.72561005579289
518,"07/12/2021, 16:09:30",44.511483097237395
519,"07/12/2021, 16:19:30",44.29735613868189
520,"07/12/2021, 16:29:30",44.083229180126395
521,"07/12/2021, 16:39:30",43.8691022215709
522,"07/12/2021, 16:49:30",43.654975263015395
523,"07/12/2021, 16:59:30",46.474527205205085
524,"07/12/2021, 17:09:30",46.26040024664959
525,"07/12/2021, 17:19:30",46.046273288094085
526,"07/12/2021, 17:29:30",45.83214632953859
527,"07/12/2021, 17:39:30",45.61801937098309
528,"07/12/2021, 17:49:30",45.40389241242759
529,"07/12/2021, 17:59:30",9.091267398680724
530,"07/12/2021, 18:09:30",8.877140440125224
531,"07/12/2021, 18:19:30",8.663013481569726
532,"07/12/2021, 18:29:30",8.448886523014226
533,"07/12/2021, 18:39:30",8.234759564458725
534,"07/12/2021, 18:49:30",8.020632605903225
535,"07/12/2021, 18:59:30",10.840184548092918
536,"07/12/2021, 19:09:30",10.626057589537417
537,"07/12/2021, 19:19:30",10.411930630981917
538,"07/12/2021, 19:29:30",10.197803672426417
539,"07/12/2021, 19:39:30",9.983676713870917
540,"07/12/2021, 19:49:30",9.769549755315417
541,"07/12/2021, 19:59:30",12.589101697505107
542,"07/12/2021, 20:09:30",12.374974738949609
543,"07/12/2021, 20:19:30",12.160847780394109
544,"07/12/2021, 20:29:30",11.946720821838609
545,"07/12/2021, 20:39:30",11.732593863283109
546,"07/12/2021, 20:49:30",11.51846690472761
547,"07/12/2021, 20:59:30",14.338018846917302
548,"07/12/2021, 21:09:30",14.123891888361802
549,"07/12/2021, 21:19:30",13.909764929806302
550,"07/12/2021, 21:29:30",13.695637971250802
551,"07/12/2021, 21:39:30",13.481511012695302
552,"07/12/2021, 21:49:30",13.267384054139804
553,"07/12/2021, 21:59:30",16.086935996329494
554,"07/12/2021, 22:09:30",15.872809037773994
555,"07/12/2021, 22:19:30",15.658682079218494
556,"07/12/2021, 22:29:30",15.444555120662994
557,"07/12/2021, 22:39:30",15.230428162107494
558,"07/12/2021, 22:49:30",15.016301203551993
559,"07/12/2021, 22:59:30",17.835853145741687
560,"07/12/2021, 23:09:30",17.621726187186184
561,"07/12/2021, 23:19:30",17.407599228630687
562,"07/12/2021, 23:29:30",17.193472270075183
563,"07/12/2021, 23:39:30",16.979345311519687
564,"07/12/2021, 23:49:30",16.765218352964183
565,"07/12/2021, 23:59:30",19.58477029515388
566,"07/13/2021, 00:09:30",19.370643336598377
567,"07/13/2021, 00:19:30",19.15651637804288
568,"07/13/2021, 00:29:30",18.942389419487377
569,"07/13/2021, 00:39:30",18.72826246093188
570,"07/13/2021, 00:49:30",18.514135502376377
571,"07/13/2021, 00:59:30",21.33368744456607
572,"07/13/2021, 01:09:30",21.11956048601057
573,"07/13/2021, 01:19:30",20.90543352745507
574,"07/13/2021, 01:29:30",20.69130656889957
575,"07/13/2021, 01:39:30",20.47717961034407
576,"07/13/2021, 01:49:30",20.26305265178857
577,"07/13/2021, 01:59:30",23.08260459397826
578,"07/13/2021, 02:09:30",22.86847763542276
579,"07/13/2021, 02:19:30",22.65435067686726
580,"07/13/2021, 02:29:30",22.44022371831176
581,"07/13/2021, 02:39:30",22.22609675975626
582,"07/13/2021, 02:49:30",22.01196980120076
583,"07/13/2021, 02:59:30",24.831521743390454
584,"07/13/2021, 03:09:30",24.617394784834953
585,"07/13/2021, 03:19:30",24.403267826279453
586,"07/13/2021, 03:29:30",24.189140867723953
587,"07/13/2021, 03:39:30",23.975013909168453
588,"07/13/2021, 03:49:30",23.760886950612953
589,"07/13/2021, 03:59:30",26.580438892802643
590,"07/13/2021, 04:09:30",26.366311934247143
591,"07/13/2021, 04:19:30",26.152184975691643
592,"07/13/2021, 04:29:30",25.938058017136143
593,"07/13/2021, 04:39:30",25.723931058580643
594,"07/13/2021, 04:49:30",25.509804100025143
595,"07/13/2021, 04:59:30",28.329356042214837
596,"07/13/2021, 05:09:30",28.115229083659337
597,"07/13/2021, 05:19:30",27.901102125103836
598,"07/13/2021, 05:29:30",27.686975166548336
599,"07/13/2021, 05:39:30",27.472848207992836
600,"07/13/2021, 05:49:30",27.258721249437336
601,"07/13/2021, 05:59:30",30.07827319162703
602,"07/13/2021, 06:09:30",29.86414623307153
603,"07/13/2021, 06:19:30",29.65001927451603
604,"07/13/2021, 06:29:30",29.43589231596053
605,"07/13/2021, 06:39:30",29.22176535740503
606,"07/13/2021, 06:49:30",29.00763839884953
607,"07/13/2021, 06:59:30",31.82719034103922
608,"07/13/2021, 07:09:30",31.61306338248372
609,"07/13/2021, 07:19:30",31.39893642392822
610,"07/13/2021, 07:29:30",31.18480946537272
611,"07/13/2021, 07:39:30",30.97068250681722
612,"07/13/2021, 07:49:30",30.75655554826172
613,"07/13/2021, 07:59:30",33.57610749045141
614,"07/13/2021, 08:09:30",33.36198053189591
615,"07/13/2021, 08:19:30",33.14785357334041
616,"07/13/2021, 08:29:30",32.933726614784916
617,"07/13/2021, 08:39:30",32.71959965622941
618,"07/13/2021, 08:49:30",32.50547269767391
619,"07/13/2021, 08:59:30",35.3250246398636
620,"07/13/2021, 09:09:30",35.1108976813081
621,"07/13/2021, 09:19:30",34.896770722752606
622,"07/13/2021, 09:29:30",34.6826437641971
623,"07/13/2021, 09:39:30",34.4685168056416
624,"07/13/2021, 09:49:30",34.2543898470861
625,"07/13/2021, 09:59:30",37.07394178927579
626,"07/13/2021, 10:09:30",36.859814830720296
627,"07/13/2021, 10:19:30",36.6456878721648
628,"07/13/2021, 10:29:30",36.431560913609296
629,"07/13/2021, 10:39:30",36.21743395505379
630,"07/13/2021, 10:49:30",36.003306996498296
631,"07/13/2021, 10:59:30",38.822858938687986
632,"07/13/2021, 11:09:30",38.60873198013249
633,"07/13/2021, 11:19:30",38.394605021576986
634,"07/13/2021, 11:29:30",38.18047806302149
635,"07/13/2021, 11:39:30",37.966351104465986
636,"07/13/2021, 11:49:30",37.75222414591049
637,"07/13/2021, 11:59:30",40.57177608810018
638,"07/13/2021, 12:09:30",40.35764912954468
639,"07/13/2021, 12:19:30",40.14352217098918
640,"07/13/2021, 12:29:30",39.92939521243368
641,"07/13/2021, 12:39:30",39.715268253878186
642,"07/13/2021, 12:49:30",39.50114129532268
643,"07/13/2021, 12:59:30",42.320693237512366
644,"07/13/2021, 13:09:30",42.10656627895687
645,"07/13/2021, 13:19:30",41.892439320401365
646,"07/13/2021, 13:29:30",41.67831236184587
647,"07/13/2021, 13:39:30",41.46418540329037
648,"07/13/2021, 13:49:30",41.25005844473487
649,"07/13/2021, 13:59:30",44.06961038692456
650,"07/13/2021, 14:09:30",43.85548342836906
651,"07/13/2021, 14:19:30",43.64135646981356
652,"07/13/2021, 14:29:30",43.42722951125806
653,"07/13/2021, 14:39:30",43.213102552702566
654,"07/13/2021, 14:49:30",42.99897559414706
655,"07/13/2021, 14:59:30",45.81852753633675
656,"07/13/2021, 15:09:30",45.604400577781256
657,"07/13/2021, 15:19:30",45.39027361922575
658,"07/13/2021, 15:29:30",45.176146660670256
659,"07/13/2021, 15:39:30",44.96201970211476
660,"07/13/2021, 15:49:30",44.747892743559255
661,"07/13/2021, 15:59:30",47.567444685748946
662,"07/13/2021, 16:09:30",47.35331772719345
663,"07/13/2021, 16:19:30",47.139190768637945
664,"07/13/2021, 16:29:30",46.92506381008245
665,"07/13/2021, 16:39:30",46.71093685152695
666,"07/13/2021, 16:49:30",46.49680989297145
667,"07/13/2021, 16:59:30",49.31636183516114
668,"07/13/2021, 17:09:30",49.10223487660564
669,"07/13/2021, 17:19:30",48.88810791805014
670,"07/13/2021, 17:29:30",48.67398095949464
671,"07/13/2021, 17:39:30",48.459854000939146
672,"07/13/2021, 17:49:30",48.24572704238364
673,"07/13/2021, 17:59:30",11.93310202863678
674,"07/13/2021, 18:09:30",11.718975070081282
675,"07/13/2021, 18:19:30",11.504848111525781
676,"07/13/2021, 18:29:30",11.290721152970281
677,"07/13/2021, 18:39:30",11.076594194414781
678,"07/13/2021, 18:49:30",10.862467235859281
679,"07/13/2021, 18:59:30",13.682019178048971
680,"07/13/2021, 19:09:30",13.467892219493473
681,"07/13/2021, 19:19:30",13.253765260937973
682,"07/13/2021, 19:29:30",13.039638302382473
683,"07/13/2021, 19:39:30",12.825511343826973
684,"07/13/2021, 19:49:30",12.611384385271474
685,"07/13/2021, 19:59:30",15.430936327461165
686,"07/13/2021, 20:09:30",15.216809368905665
687,"07/13/2021, 20:19:30",15.002682410350165
688,"07/13/2021, 20:29:30",14.788555451794664
689,"07/13/2021, 20:39:30",14.574428493239164
690,"07/13/2021, 20:49:30",14.360301534683664
691,"07/13/2021, 20:59:30",17.179853476873358
692,"07/13/2021, 21:09:30",16.965726518317858
693,"07/13/2021, 21:19:30",16.751599559762358
694,"07/13/2021, 21:29:30",16.537472601206858
695,"07/13/2021, 21:39:30",16.323345642651358
696,"07/13/2021, 21:49:30",16.109218684095858
697,"07/13/2021, 21:59:30",18.928770626285548
698,"07/13/2021, 22:09:30",18.714643667730048
699,"07/13/2021, 22:19:30",18.500516709174548
700,"07/13/2021, 22:29:30",18.286389750619048
701,"07/13/2021, 22:39:30",18.072262792063547
702,"07/13/2021, 22:49:30",17.858135833508047
703,"07/13/2021, 22:59:30",20.67768777569774
704,"07/13/2021, 23:09:30",20.46356081714224
705,"07/13/2021, 23:19:30",20.24943385858674
706,"07/13/2021, 23:29:30",20.03530690003124
707,"07/13/2021, 23:39:30",19.82117994147574
708,"07/13/2021, 23:49:30",19.60705298292024
709,"07/13/2021, 23:59:30",22.426604925109935
710,"07/14/2021, 00:09:30",22.212477966554435
711,"07/14/2021, 00:19:30",21.998351007998934
712,"07/14/2021, 00:29:30",21.784224049443434
713,"07/14/2021, 00:39:30",21.570097090887934
714,"07/14/2021, 00:49:30",21.355970132332434
715,"07/14/2021, 00:59:30",24.175522074522124
716,"07/14/2021, 01:09:30",23.961395115966624
717,"07/14/2021, 01:19:30",23.747268157411124
718,"07/14/2021, 01:29:30",23.533141198855624
719,"07/14/2021, 01:39:30",23.319014240300124
720,"07/14/2021, 01:49:30",23.104887281744624
721,"07/14/2021, 01:59:30",25.924439223934318
722,"07/14/2021, 02:09:30",25.710312265378818
723,"07/14/2021, 02:19:30",25.496185306823318
724,"07/14/2021, 02:29:30",25.282058348267817
725,"07/14/2021, 02:39:30",25.067931389712317
726,"07/14/2021, 02:49:30",24.853804431156817
727,"07/14/2021, 02:59:30",27.673356373346508
728,"07/14/2021, 03:09:30",27.459229414791007
729,"07/14/2021, 03:19:30",27.245102456235507
730,"07/14/2021, 03:29:30",27.030975497680007
731,"07/14/2021, 03:39:30",26.816848539124507
732,"07/14/2021, 03:49:30",26.602721580569007
733,"07/14/2021, 03:59:30",29.4222735227587
734,"07/14/2021, 04:09:30",29.2081465642032
735,"07/14/2021, 04:19:30",28.9940196056477
736,"07/14/2021, 04:29:30",28.7798926470922
737,"07/14/2021, 04:39:30",28.5657656885367
738,"07/14/2021, 04:49:30",28.3516387299812
739,"07/14/2021, 04:59:30",31.171190672170894
740,"07/14/2021, 05:09:30",30.957063713615394
741,"07/14/2021, 05:19:30",30.742936755059894
742,"07/14/2021, 05:29:30",30.528809796504394
743,"07/14/2021, 05:39:30",30.314682837948894
744,"07/14/2021, 05:49:30",30.100555879393394
745,"07/14/2021, 05:59:30",32.92010782158309
746,"07/14/2021, 06:09:30",32.70598086302759
747,"07/14/2021, 06:19:30",32.49185390447209
748,"07/14/2021, 06:29:30",32.277726945916584
749,"07/14/2021, 06:39:30",32.06359998736109
750,"07/14/2021, 06:49:30",31.849473028805587
751,"07/14/2021, 06:59:30",34.66902497099528
752,"07/14/2021, 07:09:30",34.45489801243978
753,"07/14/2021, 07:19:30",34.240771053884274
754,"07/14/2021, 07:29:30",34.02664409532878
755,"07/14/2021, 07:39:30",33.81251713677328
756,"07/14/2021, 07:49:30",33.59839017821778
757,"07/14/2021, 07:59:30",36.417942120407474
758,"07/14/2021, 08:09:30",36.20381516185197
759,"07/14/2021, 08:19:30",35.98968820329647
760,"07/14/2021, 08:29:30",35.77556124474097
761,"07/14/2021, 08:39:30",35.561434286185474
762,"07/14/2021, 08:49:30",35.34730732762997
763,"07/14/2021, 08:59:30",38.16685926981966
764,"07/14/2021, 09:09:30",37.95273231126416
765,"07/14/2021, 09:19:30",37.73860535270866
766,"07/14/2021, 09:29:30",37.524478394153164
767,"07/14/2021, 09:39:30",37.31035143559766
768,"07/14/2021, 09:49:30",37.096224477042156
769,"07/14/2021, 09:59:30",39.91577641923185
770,"07/14/2021, 10:09:30",39.70164946067635
771,"07/14/2021, 10:19:30",39.48752250212085
772,"07/14/2021, 10:29:30",39.27339554356535
773,"07/14/2021, 10:39:30",39.05926858500985
774,"07/14/2021, 10:49:30",38.84514162645435
775,"07/14/2021, 10:59:30",41.66469356864404
776,"07/14/2021, 11:09:30",41.45056661008854
777,"07/14/2021, 11:19:30",41.23643965153304
778,"07/14/2021, 11:29:30",41.02231269297754
779,"07/14/2021, 11:39:30",40.80818573442205
780,"07/14/2021, 11:49:30",40.59405877586654
781,"07/14/2021, 11:59:30",43.41361071805623
782,"07/14/2021, 12:09:30",43.19948375950074
783,"07/14/2021, 12:19:30",42.98535680094523
784,"07/14/2021, 12:29:30",42.77122984238974
785,"07/14/2021, 12:39:30",42.55710288383424
786,"07/14/2021, 12:49:30",42.342975925278736
787,"07/14/2021, 12:59:30",45.16252786746842
788,"07/14/2021, 13:09:30",44.94840090891292
789,"07/14/2021, 13:19:30",44.73427395035742
790,"07/14/2021, 13:29:30",44.52014699180192
791,"07/14/2021, 13:39:30",44.306020033246426
792,"07/14/2021, 13:49:30",44.09189307469092
793,"07/14/2021, 13:59:30",46.91144501688061
794,"07/14/2021, 14:09:30",46.697318058325116
795,"07/14/2021, 14:19:30",46.48319109976961
796,"07/14/2021, 14:29:30",46.269064141214116
797,"07/14/2021, 14:39:30",46.05493718265862
798,"07/14/2021, 14:49:30",45.840810224103116
799,"07/14/2021, 14:59:30",48.660362166292806
800,"07/14/2021, 15:09:30",48.44623520773731
801,"07/14/2021, 15:19:30",48.232108249181806
802,"07/14/2021, 15:29:30",48.01798129062631
803,"07/14/2021, 15:39:30",47.80385433207081
804,"07/14/2021, 15:49:30",47.58972737351531
805,"07/14/2021, 15:59:30",50.409279315705
806,"07/14/2021, 16:09:30",50.1951523571495
807,"07/14/2021, 16:19:30",49.981025398594
808,"07/14/2021, 16:29:30",49.7668984400385
809,"07/14/2021, 16:39:30",49.552771481483006
810,"07/14/2021, 16:49:30",49.3386445229275
811,"07/14/2021, 16:59:30",52.15819646511719
812,"07/14/2021, 17:09:30",51.944069506561696
813,"07/14/2021, 17:19:30",51.72994254800619
814,"07/14/2021, 17:29:30",51.515815589450696
815,"07/14/2021, 17:39:30",51.3016886308952
816,"07/14/2021, 17:49:30",51.087561672339696
817,"07/14/2021, 17:59:30",14.774936658592836
818,"07/14/2021, 18:09:30",14.560809700037336
819,"07/14/2021, 18:19:30",14.346682741481835
820,"07/14/2021, 18:29:30",14.132555782926335
821,"07/14/2021, 18:39:30",13.918428824370835
822,"07/14/2021, 18:49:30",13.704301865815335
823,"07/14/2021, 18:59:30",16.52385380800503
824,"07/14/2021, 19:09:30",16.309726849449525
825,"07/14/2021, 19:19:30",16.09559989089403
826,"07/14/2021, 19:29:30",15.881472932338527
827,"07/14/2021, 19:39:30",15.667345973783027
828,"07/14/2021, 19:49:30",15.453219015227527
829,"07/14/2021, 19:59:30",18.27277095741722
830,"07/14/2021, 20:09:30",18.05864399886172
831,"07/14/2021, 20:19:30",17.84451704030622
832,"07/14/2021, 20:29:30",17.63039008175072
833,"07/14/2021, 20:39:30",17.41626312319522
834,"07/14/2021, 20:49:30",17.202136164639718
835,"07/14/2021, 20:59:30",20.021688106829412
836,"07/14/2021, 21:09:30",19.807561148273912
837,"07/14/2021, 21:19:30",19.593434189718412
838,"07/14/2021, 21:29:30",19.37930723116291
839,"07/14/2021, 21:39:30",19.16518027260741
840,"07/14/2021, 21:49:30",18.95105331405191
841,"07/14/2021, 21:59:30",21.770605256241602
842,"07/14/2021, 22:09:30",21.556478297686105
843,"07/14/2021, 22:19:30",21.3423513391306
844,"07/14/2021, 22:29:30",21.128224380575105
845,"07/14/2021, 22:39:30",20.9140974220196
846,"07/14/2021, 22:49:30",20.699970463464105
847,"07/14/2021, 22:59:30",23.519522405653795
848,"07/14/2021, 23:09:30",23.305395447098295
849,"07/14/2021, 23:19:30",23.091268488542795
850,"07/14/2021, 23:29:30",22.877141529987295
851,"07/14/2021, 23:39:30",22.663014571431795
852,"07/14/2021, 23:49:30",22.448887612876295
853,"07/14/2021, 23:59:30",25.26843955506599
854,"07/15/2021, 00:09:30",25.05431259651049
855,"07/15/2021, 00:19:30",24.84018563795499
856,"07/15/2021, 00:29:30",24.62605867939949
857,"07/15/2021, 00:39:30",24.411931720843988
858,"07/15/2021, 00:49:30",24.197804762288488
859,"07/15/2021, 00:59:30",27.01735670447818
860,"07/15/2021, 01:09:30",26.80322974592268
861,"07/15/2021, 01:19:30",26.589102787367178
862,"07/15/2021, 01:29:30",26.374975828811678
863,"07/15/2021, 01:39:30",26.160848870256178
864,"07/15/2021, 01:49:30",25.946721911700678
865,"07/15/2021, 01:59:30",28.76627385389037
866,"07/15/2021, 02:09:30",28.55214689533487
867,"07/15/2021, 02:19:30",28.33801993677937
868,"07/15/2021, 02:29:30",28.12389297822387
869,"07/15/2021, 02:39:30",27.90976601966837
870,"07/15/2021, 02:49:30",27.69563906111287
871,"07/15/2021, 02:59:30",30.515191003302565
872,"07/15/2021, 03:09:30",30.301064044747065
873,"07/15/2021, 03:19:30",30.086937086191565
874,"07/15/2021, 03:29:30",29.872810127636065
875,"07/15/2021, 03:39:30",29.658683169080565
876,"07/15/2021, 03:49:30",29.444556210525064
877,"07/15/2021, 03:59:30",32.264108152714755
878,"07/15/2021, 04:09:30",32.04998119415926
879,"07/15/2021, 04:19:30",31.835854235603755
880,"07/15/2021, 04:29:30",31.621727277048254
881,"07/15/2021, 04:39:30",31.407600318492754
882,"07/15/2021, 04:49:30",31.193473359937254
883,"07/15/2021, 04:59:30",34.01302530212695
884,"07/15/2021, 05:09:30",33.79889834357145
885,"07/15/2021, 05:19:30",33.58477138501595
886,"07/15/2021, 05:29:30",33.370644426460444
887,"07/15/2021, 05:39:30",33.15651746790495
888,"07/15/2021, 05:49:30",32.94239050934945
889,"07/15/2021, 05:59:30",35.76194245153914
890,"07/15/2021, 06:09:30",35.547815492983645
891,"07/15/2021, 06:19:30",35.33368853442814
892,"07/15/2021, 06:29:30",35.11956157587264
893,"07/15/2021, 06:39:30",34.90543461731714
894,"07/15/2021, 06:49:30",34.691307658761644
895,"07/15/2021, 06:59:30",37.510859600951335
896,"07/15/2021, 07:09:30",37.29673264239583
897,"07/15/2021, 07:19:30",37.08260568384033
898,"07/15/2021, 07:29:30",36.86847872528483
899,"07/15/2021, 07:39:30",36.654351766729334
900,"07/15/2021, 07:49:30",36.44022480817383
901,"07/15/2021, 07:59:30",39.25977675036352
902,"07/15/2021, 08:09:30",39.045649791808025
903,"07/15/2021, 08:19:30",38.83152283325252
904,"07/15/2021, 08:29:30",38.617395874697024
905,"07/15/2021, 08:39:30",38.40326891614153
906,"07/15/2021, 08:49:30",38.189141957586024
907,"07/15/2021, 08:59:30",41.008693899775714
908,"07/15/2021, 09:09:30",40.79456694122022
909,"07/15/2021, 09:19:30",40.580439982664714
910,"07/15/2021, 09:29:30",40.36631302410922
911,"07/15/2021, 09:39:30",40.15218606555372
912,"07/15/2021, 09:49:30",39.93805910699822
913,"07/15/2021, 09:59:30",42.75761104918791
914,"07/15/2021, 10:09:30",42.54348409063241
915,"07/15/2021, 10:19:30",42.32935713207691
916,"07/15/2021, 10:29:30",42.11523017352141
917,"07/15/2021, 10:39:30",41.901103214965914
918,"07/15/2021, 10:49:30",41.68697625641041
919,"07/15/2021, 10:59:30",44.5065281986001
920,"07/15/2021, 11:09:30",44.292401240044605
921,"07/15/2021, 11:19:30",44.0782742814891
922,"07/15/2021, 11:29:30",43.864147322933604
923,"07/15/2021, 11:39:30",43.65002036437811
924,"07/15/2021, 11:49:30",43.435893405822604
925,"07/15/2021, 11:59:30",46.25544534801229
926,"07/15/2021, 12:09:30",46.04131838945679
927,"07/15/2021, 12:19:30",45.82719143090129
928,"07/15/2021, 12:29:30",45.61306447234579
929,"07/15/2021, 12:39:30",45.398937513790294
930,"07/15/2021, 12:49:30",45.18481055523479
931,"07/15/2021, 12:59:30",48.004362497424474
932,"07/15/2021, 13:09:30",47.79023553886898
933,"07/15/2021, 13:19:30",47.57610858031347
934,"07/15/2021, 13:29:30",47.36198162175798
935,"07/15/2021, 13:39:30",47.14785466320248
936,"07/15/2021, 13:49:30",46.93372770464698
937,"07/15/2021, 13:59:30",49.75327964683667
938,"07/15/2021, 14:09:30",49.53915268828117
939,"07/15/2021, 14:19:30",49.32502572972567
940,"07/15/2021, 14:29:30",49.11089877117017
941,"07/15/2021, 14:39:30",48.89677181261467
942,"07/15/2021, 14:49:30",48.68264485405917
943,"07/15/2021, 14:59:30",51.50219679624886
944,"07/15/2021, 15:09:30",51.288069837693364
945,"07/15/2021, 15:19:30",51.07394287913786
946,"07/15/2021, 15:29:30",50.85981592058236
947,"07/15/2021, 15:39:30",50.64568896202687
948,"07/15/2021, 15:49:30",50.43156200347136
949,"07/15/2021, 15:59:30",53.251113945661054
950,"07/15/2021, 16:09:30",53.03698698710556
951,"07/15/2021, 16:19:30",52.82286002855005
952,"07/15/2021, 16:29:30",52.60873306999456
953,"07/15/2021, 16:39:30",52.39460611143906
954,"07/15/2021, 16:49:30",52.18047915288356
955,"07/15/2021, 16:59:30",55.00003109507325
956,"07/15/2021, 17:09:30",54.78590413651775
957,"07/15/2021, 17:19:30",54.57177717796225
958,"07/15/2021, 17:29:30",54.35765021940675
959,"07/15/2021, 17:39:30",54.143523260851254
960,"07/15/2021, 17:49:30",53.92939630229575
961,"07/15/2021, 17:59:30",17.61677128854889
962,"07/15/2021, 18:09:30",17.402644329993393
963,"07/15/2021, 18:19:30",17.18851737143789
964,"07/15/2021, 18:29:30",16.974390412882393
965,"07/15/2021, 18:39:30",16.76026345432689
966,"07/15/2021, 18:49:30",16.546136495771393
967,"07/15/2021, 18:59:30",19.365688437961083
968,"07/15/2021, 19:09:30",19.151561479405583
969,"07/15/2021, 19:19:30",18.937434520850083
970,"07/15/2021, 19:29:30",18.723307562294583
971,"07/15/2021, 19:39:30",18.509180603739082
972,"07/15/2021, 19:49:30",18.295053645183582
973,"07/15/2021, 19:59:30",21.114605587373276
974,"07/15/2021, 20:09:30",20.900478628817776
975,"07/15/2021, 20:19:30",20.686351670262276
976,"07/15/2021, 20:29:30",20.472224711706776
977,"07/15/2021, 20:39:30",20.258097753151276
978,"07/15/2021, 20:49:30",20.043970794595776
979,"07/15/2021, 20:59:30",22.863522736785466
980,"07/15/2021, 21:09:30",22.649395778229966
981,"07/15/2021, 21:19:30",22.435268819674466
982,"07/15/2021, 21:29:30",22.221141861118966
983,"07/15/2021, 21:39:30",22.007014902563466
984,"07/15/2021, 21:49:30",21.792887944007965
985,"07/15/2021, 21:59:30",24.61243988619766
986,"07/15/2021, 22:09:30",24.39831292764216
987,"07/15/2021, 22:19:30",24.18418596908666
988,"07/15/2021, 22:29:30",23.97005901053116
989,"07/15/2021, 22:39:30",23.75593205197566
990,"07/15/2021, 22:49:30",23.54180509342016
991,"07/15/2021, 22:59:30",26.361357035609853
992,"07/15/2021, 23:09:30",26.147230077054353
993,"07/15/2021, 23:19:30",25.933103118498853
994,"07/15/2021, 23:29:30",25.718976159943352
995,"07/15/2021, 23:39:30",25.504849201387852
996,"07/15/2021, 23:49:30",25.290722242832352
997,"07/15/2021, 23:59:30",28.110274185022046
998,"07/16/2021, 00:09:30",27.896147226466546
999,"07/16/2021, 00:19:30",27.682020267911046
